1032400 -61859 -61859 -61859 -61859 -61859 -61859 -28148 -25024 -28148 -25024 -28148 
-61859 1031985 -61859 -28148 -25024 -28148 -61859 -61755 -61755 -25024 -28148 -61859 
-61859 -61859 1031563 -61859 -28148 -25024 -28148 -61755 -28040 -61755 -61755 -25024 
-61859 -28148 -61859 1031563 -61859 -28148 -25024 -25024 -61755 -61755 -28040 -61755 
-61859 -25024 -28148 -61859 1031985 -61859 -28148 -61859 -28148 -25024 -61755 -61755 
-61859 -28148 -25024 -28148 -61859 1032400 -61859 -61859 -61859 -61859 -28148 -25024 
-61859 -61859 -28148 -25024 -28148 -61859 1032400 -25024 -28148 -61859 -61859 -61859 
-28148 -61755 -61755 -25024 -61859 -61859 -25024 1031563 -61859 -28148 -61755 -28040 
-25024 -61755 -28040 -61755 -28148 -61859 -28148 -61859 1031563 -61859 -25024 -61755 
-28148 -25024 -61755 -61755 -25024 -61859 -61859 -28148 -61859 1031985 -61859 -28148 
-25024 -28148 -61755 -28040 -61755 -28148 -61859 -61755 -25024 -61859 1031563 -61859 
-28148 -61859 -25024 -61755 -61755 -25024 -61859 -28040 -61755 -28148 -61859 1031563 
